25
23
63
6
14
62
89
71
14
56
58
82
74
77
86
81
80
86
88
86
37
37
40
35
39
42
40
40
37
42
42
48
38
40
38
35
35
60
58
98
89
100
94
13
13
48
42
48
44
46
64
79
71
76
69
75
118
128
121
132
128
122
125
127
131
42
52
66
63
61
60
67
64
33
47
47
49
53
43
48
56
64
68
73
69
65
66
67
79
100
93
45
48
48
52
45
78
76
73
70
79
85
81
81
78
42
45
58
49
55
13
19
12
12
18
14
18
21
15
18
15
15
18
21
25
16
14
18
22
15
15
15
20
23
23
20
24
22
21
25
31
24
20
19
28
27
28
30
21
17
24
23
23
27
22
23
21
25
22
25
25
37
28
27
30
44
51
51
54
47
50
43
13
15
18
65
55
19
15
13
19
5
12
11
19
12
19
18
15
21
17
43
43
40
